%Sits at one spot (rotations; delays) and looks for the cross-correlation.
t=cputime; tt=cputime;
%close all
format short e
%Rotations & offsets:
%timoffrot=[227 14 18 28 +058 -074  90 85 50]; %Quiet day
%timoffrot=[227 20 08 20 +028 +004 100 380 150];
%timoffrot=[246 00 61 00 +060 -085  85  65  45];  %Near beginning; %isolated; 100%
%timoffrot=[246 04 21 16 +062 -084  90  70  45];
%timoffrot=[246 04 21 56 +061 -084  90  60  50]; %Also quite isolated
%timoffrot=[246 04 22 20 +060 -085  85  60  40];
timoffrot=[246 04 26 36 +059 -085  90  60  45];
%timoffrot=[246 04 26 52 +059 -085  90  60  45];
%timoffrot=[246 09 45 56 +061 -083  95  65  50];
%timoffrot=[246 11 08 52 +064 -083  90  60  50];
%timoffrot=[246 12 53 24 +062 -083  95  60  50];
%timoffrot=[246 09 47 40 +060 -084  90  60  50];
%timoffrot=[246 09 56 12 +062 -085  95  55  50]; %Also small
%timoffrot=[246 10 06 36 +061 -085  85  60  45]; %36415-36420, e.g.
%timoffrot=[246 11 11 16 +063 -084  90  60  50];
%timoffrot=[246 12 56 12 +062 -085  90  55  50];
%timoffrot=[246 17 17 48 +062 -087  80  60  40];
%timoffrot=[247 04 59 24 +033 -100  85 370  80];
%timoffrot=[247 10 15 24 +051 -078  85  60  55 ];
%timoffrot=[247 11 14 36 +056 -077  90  55  65];
%timoffrot=[247 14 18 28 +058 -074  90 85 50]; %(the original; catalog has 85  75  55)
%timoffrot=[247 14 42 28 +059 -073  85  65  65];  %Small signal!
%timoffrot=[250 05 09 24 +065 -068  80  75  45]; %Near start of a small migration.  V. messy.
%timoffrot=[250 05 23 56 +060 -072  85  65  50];
%timoffrot=[250 05 44 44 +056 -075  85  70  55]; %Possible EGFs here. FIRST LOOK!
     %timoffrot=[250 05 44 44 -104 +085  85  70  55]; %FAKE!
     %timoffrot=[250 05 44 44 +016 -035  85  70  55]; %FAKE!
%timoffrot=[250 09 13 40 +105 -031  85  50  80];
%timoffrot=[250 11 20 36 +105 -030  90  50  80]; %Big; good for looking for "missed" energy
%timoffrot=[250 11 25 00 +093 -035  85  70  90];
%timoffrot=[250 11 28 36 +090 -037  80  75  65];
%timoffrot=[250 11 30 44 +090 -036  75  60  70]; %early in a migration episode
%timoffrot=[250 11 34 20 +086 -032  80 105  65];
     %timoffrot=[250 11 34 20 -074 +128  80 105  65]; %FAKE!
%timoffrot=[250 11 34 20 +086 -032 +024  80 105  65  80];
%timoffrot=[250 11 47 00 +080 -042  75  70  65];
%timoffrot=[250 15 17 24 +104 -031  90  55  80]; %Big!
%timoffrot=[250 06 21 00 +100 -036  85  50  70]; %Also big, not quite as.jjj
%timoffrot=[253 01 50 20 +093 -024  85  75  85];
%timoffrot=[254 06 47 08 +086 +019  80 105  55]; %Dominated by last half of last panel
%timoffrot=[254 07 40 52 +086 +019  80 110  55]; %Consistent with lxtwmg %(whole 2nd panel, e.g.)
%timoffrot=[254 09 57 08 +086 +019  80 115  50]; %2nd panel quite impressive, again.
%timoffrot=[254 13 48 28 +086 +019  80 115  50];
%timoffrot=[254 13 50 04 +086 +019  80 115  50]; %BIG SPIKE, panel 2.  Coherence starts slightly earlier?
%timoffrot=[254 15 11 56 +086 +019  80 120  55]; %Messy; dominated by panel 2
%timoffrot=[254 20 29 00 +086 +019  85 115  55]; %Messy; mix of in-phase/out-of-phase end of panel 2
%timoffrot=[254 22 17 56 +086 +019  75 105  45];
%****************
  %250 11 23 56 +093 -035  80  75  95 23  5.2   4  16.6  
% 250 11 24 04 +093 -035  85  70  95 23  5.2   4  16.6  
% 250 11 24 12 +093 -035  85  70  95 23  5.2   4  16.6  
% 250 11 24 20 +093 -035  85  70  95 23  5.2   4  16.6  
% 250 11 24 28 +093 -035  85  70  95 23  5.2   4  16.6  
% 250 11 24 36 +093 -035  85  70  90 23  5.2   4  16.6  
% 250 11 24 44 +093 -035  85  70  90 23  5.2   4  16.6  
% 250 11 24 52 +093 -035  85  70  90 23  5.2   4  16.6  
% 250 11 25 00 +093 -035  85  70  90 23  5.2   4  16.6  
% 250 11 25 08 +093 -036  80  70  90 23  5.2   4  16.6  
% 250 11 25 16 +093 -036  80  70  90 23  5.2   4  16.6  
% 250 11 25 24 +093 -036  80  70  85 23  5.2   4  16.6  
% 250 11 25 32 +093 -036  80  70  85 23  5.2   4  16.6  
% 250 11 25 40 +093 -036  80  65  85 23  5.2   4  16.6  
% 250 11 25 48 +093 -036  80  70  85 23  5.2   4  16.6  
% 250 11 25 56 +093 -036  80  70  85 23  5.2   4  16.6  
% 250 11 26 04 +093 -036  85  70  85 23  5.2   4  16.6  
% 250 11 26 12 +092 -037  80  70  85 23  5.2   4  16.6  
% 250 11 26 20 +092 -037  80  70  85 23  5.2   4  16.6  
% 250 11 26 28 +092 -037  80  70  85 23  5.2   4  16.6  
% 250 11 26 36 +092 -037  80  70  85 23  5.2   4  16.6  
% 250 11 26 44 +092 -037  80  70  85 23  5.2   4  16.6  
% 250 11 26 52 +092 -037  80  70  85 23  5.2   4  16.6  
% 250 11 27 24 +091 -037  80  75  80  4  5.2   3   6.1   
% 250 11 27 32 +091 -037  80  75  75  4  5.2   3   6.1   
% 250 11 27 40 +091 -037  80  75  75  4  5.2   3   6.1   
% 250 11 27 48 +091 -037  80  75  75  4  5.2   3   6.1   
% 250 11 28 20 +091 -037  80  75  65 15  5.2   3   6.8   
% 250 11 28 28 +090 -037  75  70  65 15  5.2   3   6.8   
% 250 11 28 36 +090 -037  80  75  65 15  5.2   3   6.8   
% 250 11 28 44 +090 -037  80  75  70 15  5.2   3   6.8   
% 250 11 28 52 +090 -037  75  70  65 15  5.2   3   6.8   
% 250 11 29 00 +090 -037  80  70  65 15  5.2   3   6.8   
% 250 11 29 08 +090 -037  80  70  65 15  5.2   3   6.8   
% 250 11 29 16 +090 -037  80  70  65 15  5.2   3   6.8   
% 250 11 29 24 +090 -037  80  70  65 15  5.2   3   6.8   
% 250 11 29 32 +090 -037  80  70  70 15  5.2   3   6.8   
% 250 11 29 40 +089 -037  75  70  65 15  5.2   3   6.8   
% 250 11 29 48 +090 -036  75  65  65 15  5.2   3   6.8   
% 250 11 29 56 +090 -036  75  70  65 15  5.2   3   6.8   
% 250 11 30 04 +089 -036  75  65  65 15  5.2   3   6.8   
% 250 11 30 12 +089 -036  75  65  65 15  5.2   3   6.8   
% 250 11 30 44 +090 -036  75  60  70  1  5.3   3   4.4   
% 250 11 31 00 +090 -035  75  60  75  1  5.3   4   3.1   
% 250 11 31 32 +089 -034  70  60  70  3  5.4   4   2.8   
% 250 11 31 40 +088 -034  70  70  70  3  5.4   4   2.8   
% 250 11 31 48 +088 -033  75  80  70  3  5.4   4   2.8   
% 250 11 32 12 +087 -033  80  95  70 22  5.5   4   7.1   
% 250 11 32 20 +087 -033  75  95  70 22  5.5   4   7.1   
% 250 11 32 28 +087 -032  80 100  70 22  5.5   4   7.1   
% 250 11 32 36 +087 -032  80 105  70 22  5.5   4   7.1   
% 250 11 32 44 +087 -032  80 100  70 22  5.5   4   7.1   
% 250 11 32 52 +087 -032  80 100  70 22  5.5   4   7.1   
% 250 11 33 00 +087 -032  80 100  70 22  5.5   4   7.1   
% 250 11 33 08 +087 -032  80 100  70 22  5.5   4   7.1   
% 250 11 33 16 +087 -032  80 100  65 22  5.5   4   7.1   
% 250 11 33 24 +087 -032  80 100  65 22  5.5   4   7.1   
% 250 11 33 32 +087 -032  85 100  65 22  5.5   4   7.1   
% 250 11 33 40 +087 -032  80 100  65 22  5.5   4   7.1   
% 250 11 33 48 +087 -032  85 100  65 22  5.5   4   7.1
% 250 11 33 56 +087 -032  80  95  65 22  5.5   4   7.1
% 250 11 34 04 +087 -032  80 100  65 22  5.5   4   7.1
% 250 11 34 12 +086 -032  80 105  65 22  5.5   4   7.1
% 250 11 34 20 +086 -032  80 105  65 22  5.5   4   7.1
% 250 11 34 28 +086 -032  80 105  65 22  5.5   4   7.1
% 250 11 34 36 +086 -032  80 105  65 22  5.5   4   7.1
% 250 11 34 44 +086 -032  80 105  65 22  5.5   4   7.1
% 250 11 34 52 +086 -032  80 105  65 22  5.5   4   7.1
% 250 11 35 00 +086 -032  80 105  65 22  5.5   4   7.1
% 250 11 35 40 +085 -033  80 105  60  1  5.6   4   6.3
% 250 11 36 04 +085 -033  80 105  65 25  5.6   4   6.1
% 250 11 36 12 +085 -034  75 100  60 25  5.6   4   6.1
% 250 11 36 20 +085 -034  75  95  60 25  5.6   4   6.1
% 250 11 36 28 +085 -034  75  95  60 25  5.6   4   6.1
% 250 11 36 36 +084 -034  75 100  60 25  5.6   4   6.1
% 250 11 36 44 +084 -034  75 100  60 25  5.6   4   6.1
% 250 11 36 52 +084 -034  75 100  60 25  5.6   4   6.1
% 250 11 37 00 +084 -034  75  95  60 25  5.6   4   6.1
% 250 11 37 08 +084 -034  75  95  60 25  5.6   4   6.1
% 250 11 37 16 +084 -034  75  95  60 25  5.6   4   6.1
% 250 11 37 24 +084 -034  75  90  60 25  5.6   4   6.1
% 250 11 37 32 +084 -035  75  90  60 25  5.6   4   6.1
% 250 11 37 40 +084 -035  75  85  60 25  5.6   4   6.1
% 250 11 37 48 +084 -035  75  85  55 25  5.6   4   6.1
% 250 11 37 56 +084 -035  75  85  60 25  5.6   4   6.1
% 250 11 38 04 +084 -035  75  85  60 25  5.6   4   6.1
